0 0.24322089947089945 0.39670138888888884 0.07506613756613756 0.05530753968253968
0 0.3814484126984127 0.39298115079365076 0.050595238095238096 0.047371031746031744
0 0.8811177248677248 0.5602678571428571 0.11474867724867724 0.043154761904761904
0 0.4576719576719577 0.3787202380952381 0.06283068783068782 0.03869047619047619
0 0.8778108465608465 0.6613343253968254 0.06646825396825397 0.04092261904761905
0 0.2567791005291005 0.5285218253968254 0.07506613756613756 0.027281746031746032
0 0.25595238095238093 0.5925099206349206 0.04365079365079365 0.07142857142857142
0 0.7228835978835978 0.378844246031746 0.03902116402116402 0.044890873015873016
0 0.8296957671957671 0.3792162698412698 0.04828042328042328 0.030257936507936505
0 0.10796957671957672 0.5417906746031745 0.05720899470899471 0.05282738095238095
0 0.5540674603174602 0.38578869047619047 0.02943121693121693 0.04241071428571428
0 0.34259259259259256 0.4015376984126984 0.057539682539682536 0.0625
0 0.6800595238095237 0.7336309523809523 0.04662698412698413 0.07638888888888888
0 0.6119378306878307 0.6340525793650793 0.03009259259259259 0.023561507936507936
0 0.20767195767195767 0.7936507936507936 0.051587301587301584 0.02827380952380952
0 0.2569444444444444 0.8616071428571428 0.07936507936507936 0.05257936507936507
0 0.6382275132275131 0.1773313492063492 0.082010582010582 0.04464285714285714
0 0.42526455026455023 0.40277777777777773 0.04298941798941799 0.034722222222222224
0 0.7547949735449735 0.2552083333333333 0.06646825396825397 0.04563492063492063
0 0.34689153439153436 0.8328373015873015 0.046957671957671955 0.03521825396825397
0 0.5667989417989417 0.6300843253968254 0.042328042328042326 0.023561507936507936
0 0.12086640211640211 0.8513144841269841 0.06316137566137565 0.04786706349206349
0 0.7782738095238095 0.7735615079365079 0.0625 0.0625
0 0.4573412698412698 0.22172619047619047 0.028439153439153438 0.03621031746031746
0 0.8824404761904762 0.4949156746031746 0.0248015873015873 0.016617063492063492
0 0.15591931216931215 0.5094246031746031 0.09292328042328042 0.023809523809523808
0 0.5345568783068783 0.5574156746031745 0.026124338624338623 0.041914682539682536
0 0.7724867724867724 0.6584821428571428 0.11706349206349206 0.06448412698412698
0 0.6360780423280423 0.519345238095238 0.030753968253968252 0.03224206349206349
0 0.9298941798941799 0.4001736111111111 0.04828042328042328 0.021081349206349204
0 0.7093253968253967 0.5280257936507936 0.06613756613756613 0.03720238095238095
0 0.8186177248677248 0.7082093253968254 0.05191798941798942 0.03794642857142857
0 0.6283068783068783 0.24714781746031744 0.032407407407407406 0.0339781746031746
0 0.8330026455026455 0.8255208333333333 0.056216931216931214 0.04389880952380952
0 0.6324404761904762 0.3117559523809524 0.07705026455026455 0.08234126984126984
0 0.8343253968253967 0.4270833333333333 0.10912698412698413 0.027281746031746032
0 0.43981481481481477 0.4274553571428571 0.04563492063492063 0.01909722222222222
0 0.6397156084656084 0.7316468253968254 0.028769841269841268 0.06349206349206349
0 0.1845238095238095 0.9624255952380952 0.10317460317460317 0.07465277777777778
0 0.9515542328042328 0.8727678571428571 0.05588624338624339 0.05257936507936507
0 0.5067791005291005 0.23970734126984125 0.030753968253968252 0.047371031746031744
0 0.18353174603174602 0.8722718253968254 0.027777777777777776 0.026289682539682536
0 0.09060846560846561 0.8917410714285714 0.06547619047619047 0.044890873015873016
0 0.425760582010582 0.6164434523809523 0.06316137566137565 0.02058531746031746
0 0.3726851851851852 0.8723958333333333 0.0291005291005291 0.044890873015873016
0 0.5342261904761905 0.7321428571428571 0.034060846560846555 0.06547619047619047
0 0.7144510582010581 0.7369791666666666 0.03141534391534391 0.07614087301587301
0 0.14285714285714285 0.08978174603174603 0.0992063492063492 0.10962301587301587
0 0.816137566137566 0.5895337301587301 0.07671957671957672 0.024305555555555552
0 0.7814153439153438 0.5074404761904762 0.041666666666666664 0.025793650793650792
0 0.7308201058201058 0.4587053571428571 0.09523809523809523 0.02306547619047619
0 0.48776455026455023 0.8976934523809523 0.03902116402116402 0.08804563492063491
0 0.7228835978835978 0.2487599206349206 0.041666666666666664 0.040178571428571425
0 0.09474206349206349 0.782986111111111 0.053902116402116396 0.08482142857142856
0 0.28951719576719576 0.46800595238095233 0.054563492063492064 0.018849206349206348
0 0.9001322751322751 0.7941468253968254 0.08333333333333333 0.10069444444444443
0 0.6058201058201058 0.9176587301587301 0.03968253968253968 0.0625
0 0.5598544973544973 0.503720238095238 0.06944444444444445 0.03819444444444444
0 0.6674933862433862 0.6116071428571428 0.03538359788359788 0.027281746031746032
0 0.0646494708994709 0.47371031746031744 0.08035714285714285 0.028769841269841268
0 0.15906084656084654 0.1468253968253968 0.13227513227513227 0.07242063492063491
0 0.3010912698412698 0.7863343253968254 0.0333994708994709 0.07118055555555555
0 0.4993386243386243 0.3732638888888889 0.02447089947089947 0.03819444444444444
0 0.9606481481481481 0.4782986111111111 0.05092592592592592 0.020089285714285712
0 0.16914682539682538 0.2501240079365079 0.08101851851851852 0.045882936507936505
0 0.5413359788359788 0.18526785714285712 0.03571428571428571 0.050099206349206345
0 0.1187169312169312 0.7077132936507936 0.13425925925925924 0.046875
0 0.3804563492063492 0.6350446428571428 0.017526455026455025 0.017609126984126984
0 0.6865079365079365 0.04575892857142857 0.03902116402116402 0.09151785714285714
0 0.7576058201058201 0.7141617063492063 0.037698412698412696 0.07018849206349206
0 0.4012896825396825 0.453125 0.02546296296296296 0.02232142857142857
0 0.6175595238095237 0.7072172619047619 0.022817460317460316 0.04985119047619047
0 0.7795965608465608 0.31101190476190477 0.04927248677248677 0.06547619047619047
0 0.9378306878306878 0.9337797619047619 0.11441798941798942 0.0927579365079365
0 0.5846560846560847 0.947048611111111 0.036375661375661374 0.10143849206349206
0 0.1962632275132275 0.759548611111111 0.07043650793650794 0.05084325396825397
0 0.4872685185185185 0.5773809523809523 0.0248015873015873 0.06448412698412698
0 0.31663359788359785 0.24479166666666666 0.09821428571428571 0.030753968253968252
0 0.21164021164021163 0.681423611111111 0.11177248677248677 0.03993055555555555
0 0.579861111111111 0.19903273809523808 0.023478835978835978 0.053323412698412696
0 0.1703042328042328 0.3561507936507936 0.031746031746031744 0.05357142857142857
0 0.560515873015873 0.1460813492063492 0.09193121693121692 0.06398809523809523
0 0.9260912698412698 0.2926587301587301 0.14583333333333331 0.09970238095238095
0 0.21990740740740738 0.0757688492063492 0.07473544973544974 0.11731150793650794
0 0.1228505291005291 0.628720238095238 0.04464285714285714 0.08680555555555555
0 0.9512235449735449 0.6237599206349206 0.09689153439153439 0.03720238095238095
0 0.4348544973544973 0.923611111111111 0.06812169312169311 0.07242063492063491
0 0.9489087301587301 0.5158730158730158 0.09755291005291004 0.06746031746031746
0 0.6924603174603174 0.44221230158730157 0.036375661375661374 0.033234126984126984
0 0.8179563492063492 0.9662698412698412 0.054563492063492064 0.06696428571428571
0 0.9647817460317459 0.21738591269841268 0.06977513227513227 0.038938492063492064
0 0.5325727513227513 0.9513888888888888 0.02546296296296296 0.06944444444444445
0 0.9254298941798941 0.4474206349206349 0.12268518518518517 0.027777777777777776
0 0.45023148148148145 0.7814980158730158 0.06183862433862433 0.05952380952380952
0 0.44179894179894175 0.1263640873015873 0.037698412698412696 0.07316468253968253
0 0.7099867724867724 0.07378472222222222 0.05489417989417989 0.10639880952380952
0 0.9274140211640212 0.35032242063492064 0.0367063492063492 0.07762896825396826
0 0.8199404761904762 0.2978670634920635 0.05720899470899471 0.026289682539682536
0 0.26008597883597884 0.6243799603174602 0.0367063492063492 0.03844246031746031
0 0.6765873015873015 0.8772321428571428 0.07605820105820105 0.12202380952380952
0 0.4429563492063492 0.9800347222222222 0.028108465608465607 0.03943452380952381
0 0.03257275132275132 0.4069940476190476 0.06514550264550265 0.05654761904761904
0 0.9651124338624338 0.1786954365079365 0.06911375661375661 0.05629960317460317
0 0.49090608465608465 0.5012400793650793 0.07837301587301587 0.026289682539682536
0 0.9059193121693121 0.7385912698412698 0.11739417989417988 0.08779761904761904
0 0.6159060846560847 0.09238591269841269 0.027447089947089946 0.07316468253968253
0 0.30009920634920634 0.056671626984126984 0.04993386243386243 0.10193452380952381
0 0.16038359788359788 0.4226190476190476 0.06878306878306878 0.07539682539682539
0 0.5205026455026455 0.018725198412698412 0.052248677248677246 0.03546626984126984
0 0.07258597883597884 0.13777281746031744 0.14517195767195767 0.09201388888888888
0 0.04927248677248677 0.6403769841269841 0.0958994708994709 0.025297619047619048
0 0.017857142857142856 0.9636656746031745 0.03571428571428571 0.04786706349206349
0 0.431547619047619 0.767361111111111 0.09060846560846561 0.06547619047619047
0 0.7581018518518519 0.9156746031746031 0.08961640211640211 0.06547619047619047
0 0.18683862433862433 0.19122023809523808 0.18915343915343913 0.03521825396825397
0 0.5338955026455026 0.15004960317460317 0.09424603174603174 0.05406746031746031
0 0.7164351851851851 0.970486111111111 0.08961640211640211 0.05853174603174603
0 0.49222883597883593 0.6799355158730158 0.07572751322751323 0.038938492063492064
0 0.33564814814814814 0.5481150793650793 0.028439153439153438 0.029265873015873016
0 0.9059193121693121 0.9675099206349206 0.07837301587301587 0.06448412698412698
0 0.0333994708994709 0.5846974206349206 0.06613756613756613 0.06721230158730158
0 0.5256283068783069 0.6721230158730158 0.028769841269841268 0.04117063492063492
0 0.626984126984127 0.7868303571428571 0.04563492063492063 0.07911706349206349
0 0.27562830687830686 0.3624751984126984 0.05191798941798942 0.04389880952380952
0 0.7508267195767195 0.09796626984126984 0.0625 0.09771825396825397
0 0.35565476190476186 0.9562251984126984 0.07837301587301587 0.08110119047619047
0 0.7777777777777777 0.03645833333333333 0.041666666666666664 0.06448412698412698
0 0.4584986772486772 0.09064980158730158 0.020833333333333332 0.0642361111111111
0 0.38756613756613756 0.053323412698412696 0.046957671957671955 0.10664682539682539
0 0.10863095238095237 0.01488095238095238 0.048611111111111105 0.02976190476190476
0 0.9798280423280423 0.6041666666666666 0.03968253968253968 0.025297619047619048
0 0.814318783068783 0.06535218253968253 0.06448412698412698 0.13070436507936506
0 0.37913359788359785 0.3498263888888889 0.0658068783068783 0.03993055555555555
0 0.13442460317460317 0.9748263888888888 0.05720899470899471 0.045882936507936505
0 0.038525132275132275 0.15823412698412698 0.07705026455026455 0.06547619047619047
0 0.9872685185185185 0.05853174603174603 0.0248015873015873 0.04216269841269841
0 0.2101521164021164 0.3376736111111111 0.06448412698412698 0.046875
0 0.8086970899470899 0.11321924603174603 0.103505291005291 0.11929563492063491
0 0.03736772486772487 0.5959821428571428 0.06746031746031746 0.026289682539682536
0 0.022817460317460316 0.7951388888888888 0.04431216931216931 0.05654761904761904
0 0.8544973544973544 0.5667162698412698 0.046957671957671955 0.027281746031746032
0 0.6145833333333333 0.9828869047619047 0.03538359788359788 0.03373015873015873
0 0.5203373015873015 0.9654017857142857 0.023478835978835978 0.06870039682539682
0 0.7028769841269841 0.8805803571428571 0.05588624338624339 0.08506944444444443
0 0.25595238095238093 0.35565476190476186 0.05489417989417989 0.06349206349206349
0 0.9409722222222222 0.057911706349206345 0.11739417989417988 0.09499007936507936
0 0.7385912698412698 0.9738343253968254 0.06911375661375661 0.04985119047619047
0 0.9885912698412698 0.8761160714285714 0.022156084656084655 0.045882936507936505
0 0.9806547619047619 0.35590277777777773 0.038029100529100524 0.0873015873015873
0 0.3171296296296296 0.009052579365079364 0.09854497354497355 0.01810515873015873
0 0.205026455026455 0.24404761904761904 0.10780423280423279 0.03273809523809523
0 0.17476851851851852 0.21155753968253968 0.09358465608465608 0.05853174603174603
0 0.010912698412698412 0.2602926587301587 0.021825396825396824 0.03298611111111111
0 0.16881613756613756 0.42695932539682535 0.06183862433862433 0.030009920634920632
0 0.03373015873015873 0.6628224206349206 0.06746031746031746 0.02802579365079365
0 0.06927910052910052 0.6412450396825397 0.06382275132275132 0.02901785714285714
0 0.022817460317460316 0.6772073412698413 0.04563492063492063 0.025049603174603172
0 0.08267195767195767 0.9899553571428571 0.041666666666666664 0.019593253968253968
0 0.18998015873015872 0.915798611111111 0.01951058201058201 0.05282738095238095
0 0.37566137566137564 0.9482886904761905 0.046296296296296294 0.057291666666666664
0 0.8878968253968254 0.9747023809523809 0.028439153439153438 0.050099206349206345
0 0.9365079365079365 0.9603174603174602 0.06878306878306878 0.057539682539682536
