0 0.8986441798941799 0.8175843253968254 0.09887566137566137 0.048859126984126984
0 0.4029431216931217 0.24516369047619047 0.05522486772486772 0.09796626984126984
0 0.48478835978835977 0.5310019841269841 0.11838624338624337 0.05257936507936507
0 0.1749338624338624 0.19146825396825395 0.052248677248677246 0.08234126984126984
0 0.3040674603174603 0.33544146825396826 0.04199735449735449 0.03249007936507936
0 0.275297619047619 0.7101934523809523 0.0625 0.05381944444444444
0 0.5071097883597884 0.12338789682539682 0.03273809523809523 0.04241071428571428
0 0.25826719576719576 0.7854662698412698 0.062169312169312166 0.03720238095238095
0 0.1736111111111111 0.2435515873015873 0.05291005291005291 0.05208333333333333
0 0.048611111111111105 0.30902777777777773 0.056878306878306875 0.031746031746031744
0 0.5970568783068783 0.5150049603174602 0.02546296296296296 0.034970238095238096
0 0.08019179894179894 0.2816220238095238 0.07572751322751323 0.04836309523809523
0 0.8883928571428571 0.18043154761904762 0.05324074074074074 0.05084325396825397
0 0.659887566137566 0.5042162698412698 0.028769841269841268 0.03125
0 0.26901455026455023 0.2907986111111111 0.04464285714285714 0.04241071428571428
0 0.14070767195767195 0.6676587301587301 0.05720899470899471 0.033234126984126984
0 0.2544642857142857 0.04303075396825397 0.03141534391534391 0.0662202380952381
0 0.29662698412698413 0.8044394841269841 0.03968253968253968 0.024553571428571428
0 0.8225859788359788 0.6750992063492063 0.050595238095238096 0.03720238095238095
0 0.32093253968253965 0.27802579365079366 0.040013227513227514 0.05654761904761904
0 0.17427248677248677 0.3335813492063492 0.08531746031746032 0.02827380952380952
0 0.17923280423280422 0.6749751984126984 0.07473544973544974 0.03993055555555555
0 0.9761904761904762 0.3717757936507936 0.04431216931216931 0.027281746031746032
0 0.7795965608465608 0.6979166666666666 0.022156084656084655 0.029265873015873016
0 0.628637566137566 0.1427331349206349 0.031746031746031744 0.03993055555555555
0 0.49652777777777773 0.31907242063492064 0.023478835978835978 0.046875
0 0.207010582010582 0.1525297619047619 0.042328042328042326 0.043154761904761904
0 0.8128306878306878 0.5031001984126984 0.06481481481481481 0.033482142857142856
0 0.7946428571428571 0.8870287698412698 0.03902116402116402 0.08110119047619047
0 0.5649801587301587 0.09796626984126984 0.026124338624338623 0.06498015873015872
0 0.8877314814814814 0.38169642857142855 0.027447089947089946 0.030257936507936505
0 0.5987103174603174 0.5765128968253967 0.02546296296296296 0.017609126984126984
0 0.7281746031746031 0.18439980158730157 0.02976190476190476 0.05133928571428571
0 0.5510912698412698 0.17708333333333331 0.03207671957671958 0.037698412698412696
0 0.8070436507936507 0.591641865079365 0.05588624338624339 0.015625
0 0.2746362433862434 0.4976438492063492 0.03869047619047619 0.03546626984126984
0 0.4075727513227513 0.410094246031746 0.02943121693121693 0.023561507936507936
0 0.5367063492063492 0.6159474206349206 0.03373015873015873 0.019593253968253968
0 0.5553902116402116 0.5261656746031745 0.028769841269841268 0.019593253968253968
0 0.18386243386243384 0.587673611111111 0.07076719576719576 0.021577380952380952
0 0.4905753968253968 0.2595486111111111 0.02414021164021164 0.04836309523809523
0 0.4193121693121693 0.31882440476190477 0.031746031746031744 0.05034722222222222
0 0.26686507936507936 0.3954613095238095 0.06878306878306878 0.018601190476190476
0 0.8505291005291005 0.05394345238095238 0.037698412698412696 0.06274801587301587
0 0.7275132275132274 0.824032738095238 0.027116402116402115 0.04092261904761905
0 0.5443121693121693 0.8127480158730158 0.046957671957671955 0.04216269841269841
0 0.8819444444444444 0.04613095238095238 0.03902116402116402 0.07490079365079365
0 0.46841931216931215 0.3767361111111111 0.020833333333333332 0.031746031746031744
0 0.1423611111111111 0.29737103174603174 0.06382275132275132 0.034722222222222224
0 0.2706679894179894 0.6696428571428571 0.04398148148148148 0.023313492063492064
0 0.7678571428571428 0.9153025793650793 0.05357142857142857 0.07118055555555555
0 0.16352513227513227 0.9123263888888888 0.06183862433862433 0.05381944444444444
0 0.3249007936507936 0.8869047619047619 0.06779100529100529 0.057539682539682536
0 0.9664351851851851 0.7125496031746031 0.05191798941798942 0.030257936507936505
0 0.4517195767195767 0.8609871031746031 0.037037037037037035 0.07514880952380952
0 0.7443783068783069 0.5958581349206349 0.0496031746031746 0.014632936507936508
0 0.784887566137566 0.1259920634920635 0.05324074074074074 0.06051587301587301
0 0.3473875661375661 0.2096974206349206 0.03273809523809523 0.07316468253968253
0 0.9052579365079365 0.7268105158730158 0.04662698412698413 0.0339781746031746
0 0.38657407407407407 0.618923611111111 0.042328042328042326 0.014632936507936508
0 0.05588624338624339 0.919766865079365 0.11243386243386243 0.08010912698412698
0 0.6509589947089947 0.5549355158730158 0.022156084656084655 0.02058531746031746
0 0.1628637566137566 0.7555803571428571 0.05257936507936507 0.024553571428571428
0 0.21197089947089945 0.9161706349206349 0.05423280423280423 0.0625
0 0.6557539682539683 0.10044642857142856 0.03042328042328042 0.04464285714285714
0 0.2523148148148148 0.3723958333333333 0.04497354497354497 0.01909722222222222
0 0.6709656084656084 0.18092757936507936 0.021825396825396824 0.037450396825396824
0 0.46312830687830686 0.6882440476190476 0.023478835978835978 0.0625
0 0.38012566137566134 0.3247767857142857 0.021494708994708994 0.04141865079365079
0 0.8407738095238094 0.8493303571428571 0.04794973544973545 0.044890873015873016
0 0.6787367724867724 0.9647817460317459 0.028769841269841268 0.06994047619047619
0 0.8004298941798942 0.06200396825396825 0.045304232804232805 0.04811507936507936
0 0.8720238095238094 0.5915178571428571 0.04431216931216931 0.025297619047619048
0 0.7374338624338624 0.5378224206349206 0.04298941798941799 0.021577380952380952
0 0.23082010582010581 0.8435019841269841 0.04563492063492063 0.04216269841269841
0 0.6415343915343915 0.9143105158730158 0.041666666666666664 0.06721230158730158
0 0.27414021164021163 0.22172619047619047 0.05886243386243386 0.0744047619047619
0 0.8050595238095237 0.20101686507936506 0.0248015873015873 0.031994047619047616
0 0.23726851851851852 0.2265625 0.07374338624338624 0.08060515873015872
0 0.7366071428571428 0.6476934523809523 0.027447089947089946 0.021577380952380952
0 0.5841600529100529 0.8800843253968254 0.022156084656084655 0.048859126984126984
0 0.06200396825396825 0.45548115079365076 0.10945767195767195 0.044890873015873016
0 0.33217592592592593 0.9563492063492063 0.06514550264550265 0.06448412698412698
0 0.6603835978835978 0.8996775793650793 0.032407407407407406 0.048859126984126984
0 0.26785714285714285 0.870907738095238 0.04431216931216931 0.08506944444444443
0 0.10019841269841269 0.7359871031746031 0.061507936507936505 0.015625
0 0.24107142857142855 0.96875 0.05886243386243386 0.06200396825396825
0 0.9006283068783069 0.4470486111111111 0.022156084656084655 0.02306547619047619
0 0.31531084656084657 0.5226934523809523 0.0248015873015873 0.03298611111111111
0 0.9409722222222222 0.6417410714285714 0.06779100529100529 0.016617063492063492
0 0.8343253968253967 0.9317956349206349 0.04034391534391534 0.05853174603174603
0 0.9713955026455026 0.7497519841269841 0.05654761904761904 0.04513888888888889
0 0.416005291005291 0.8869047619047619 0.02513227513227513 0.06448412698412698
0 0.4482473544973545 0.34375 0.018187830687830687 0.03373015873015873
0 0.03571428571428571 0.8722718253968254 0.051587301587301584 0.03422619047619047
0 0.6122685185185185 0.03943452380952381 0.028769841269841268 0.06349206349206349
0 0.2875330687830688 0.023189484126984124 0.0248015873015873 0.046875
0 0.8440806878306878 0.11334325396825397 0.06646825396825397 0.047619047619047616
0 0.16980820105820105 0.8547867063492063 0.0777116402116402 0.07415674603174603
0 0.7256944444444444 0.9723462301587301 0.022156084656084655 0.054811507936507936
0 0.4889219576719576 0.028893849206349204 0.028108465608465607 0.05828373015873015
0 0.7046957671957672 0.07589285714285714 0.03902116402116402 0.05406746031746031
0 0.43171296296296297 0.6837797619047619 0.022156084656084655 0.024305555555555552
0 0.48693783068783064 0.07390873015873016 0.022156084656084655 0.0496031746031746
0 0.9365079365079365 0.14533730158730157 0.05092592592592592 0.04811507936507936
0 0.5322420634920635 0.8581349206349206 0.034060846560846555 0.043154761904761904
0 0.9351851851851851 0.08196924603174603 0.056216931216931214 0.06026785714285714
0 0.2728174603174603 0.5755208333333333 0.05291005291005291 0.015625
0 0.049107142857142856 0.6149553571428571 0.07705026455026455 0.022569444444444444
0 0.9670965608465608 0.802579365079365 0.06382275132275132 0.029265873015873016
0 0.14798280423280422 0.423735119047619 0.05853174603174603 0.017609126984126984
0 0.6909722222222222 0.1124751984126984 0.01951058201058201 0.033482142857142856
0 0.7926587301587301 0.962921626984127 0.052248677248677246 0.07366071428571429
0 0.03753306878306878 0.818204365079365 0.07572751322751323 0.05952380952380952
0 0.9576719576719577 0.5646081349206349 0.08399470899470898 0.041914682539682536
0 0.11491402116402116 0.04352678571428571 0.06316137566137565 0.08754960317460317
0 0.020998677248677246 0.05617559523809523 0.04199735449735449 0.048859126984126984
0 0.7321428571428571 0.9171626984126984 0.028439153439153438 0.0625
0 0.06498015873015872 0.10230654761904762 0.028769841269841268 0.025049603174603172
0 0.8857473544973544 0.9515128968253967 0.06117724867724868 0.0771329365079365
0 0.6435185185185185 0.027157738095238092 0.02447089947089947 0.054811507936507936
0 0.036044973544973546 0.12289186507936507 0.06746031746031746 0.03943452380952381
0 0.9821428571428571 0.9675099206349206 0.03373015873015873 0.05555555555555555
0 0.7437169312169312 0.5158730158730158 0.032407407407407406 0.017361111111111112
0 0.8434193121693121 0.1902281746031746 0.03009259259259259 0.019345238095238096
0 0.0851521164021164 0.9765625 0.0916005291005291 0.04637896825396825
0 0.01984126984126984 0.3551587301587301 0.03968253968253968 0.025297619047619048
0 0.5299272486772486 0.962673611111111 0.043320105820105814 0.07415674603174603
0 0.3169642857142857 0.21019345238095236 0.034060846560846555 0.0662202380952381
0 0.3472222222222222 0.5432787698412698 0.03373015873015873 0.013640873015873016
0 0.9553571428571428 0.9153025793650793 0.03505291005291005 0.054811507936507936
0 0.9824735449735449 0.8401537698412698 0.03439153439153439 0.05084325396825397
0 0.7151124338624338 0.8697916666666666 0.01951058201058201 0.030257936507936505
0 0.9221230158730158 0.21788194444444442 0.05853174603174603 0.030009920634920632
0 0.4348544973544973 0.9826388888888888 0.0291005291005291 0.03422619047619047
0 0.023478835978835978 0.6511656746031745 0.046296296296296294 0.038938492063492064
0 0.8336640211640212 0.017113095238095236 0.028439153439153438 0.03373015873015873
0 0.10069444444444443 0.2292906746031746 0.09292328042328042 0.05679563492063492
0 0.9176587301587301 0.8757440476190476 0.04034391534391534 0.03819444444444444
0 0.4356812169312169 0.9485367063492063 0.021494708994708994 0.07018849206349206
