0 0.16862170087976538 0.06671554252199413 0.09970674486803519 0.04252199413489736
0 0.25146627565982405 0.07991202346041056 0.030791788856304986 0.03372434017595308
0 0.3724340175953079 0.07258064516129033 0.04105571847507331 0.039589442815249266
0 0.3497067448680352 0.07331378299120235 0.06304985337243402 0.04105571847507331
0 0.3936950146627566 0.021994134897360705 0.04252199413489736 0.03225806451612903
0 0.3885630498533724 0.13343108504398826 0.05278592375366569 0.05278592375366569
0 0.29105571847507333 0.12609970674486803 0.036656891495601175 0.07624633431085044
0 0.1935483870967742 0.15395894428152493 0.1348973607038123 0.03225806451612903
0 0.19574780058651026 0.09604105571847507 0.08357771260997067 0.036656891495601175
0 0.09017595307917889 0.1378299120234604 0.10703812316715543 0.05571847507331378
0 0.08504398826979472 0.09824046920821114 0.03812316715542522 0.07917888563049853
0 0.06378299120234604 0.19868035190615835 0.051319648093841645 0.0718475073313783
0 0.23313782991202345 0.2126099706744868 0.07624633431085044 0.03812316715542522
0 0.17228739002932553 0.22287390029325513 0.0718475073313783 0.03519061583577712
0 0.1092375366568915 0.24926686217008798 0.060117302052785926 0.06158357771260997
0 0.10190615835777127 0.29838709677419356 0.09530791788856305 0.04252199413489736
0 0.19134897360703812 0.3064516129032258 0.051319648093841645 0.04398826979472141
0 0.019794721407624633 0.35043988269794724 0.039589442815249266 0.05278592375366569
0 0.12243401759530792 0.2866568914956012 0.08651026392961877 0.045454545454545456
0 0.08064516129032258 0.4083577712609971 0.06158357771260997 0.039589442815249266
0 0.045454545454545456 0.42302052785923755 0.01759530791788856 0.04838709677419355
0 0.09897360703812316 0.44868035190615835 0.0718475073313783 0.06451612903225806
0 0.24633431085043989 0.4090909090909091 0.03812316715542522 0.06158357771260997
0 0.21334310850439883 0.4002932551319648 0.03372434017595308 0.03812316715542522
0 0.24633431085043989 0.3497067448680352 0.05571847507331378 0.06598240469208211
0 0.3057184750733138 0.3357771260997067 0.054252199413489736 0.04105571847507331
0 0.28812316715542524 0.24926686217008798 0.045454545454545456 0.07917888563049853
0 0.40689149560117305 0.26466275659824046 0.0689149560117302 0.03372434017595308
0 0.3973607038123167 0.2925219941348974 0.05865102639296188 0.054252199413489736
0 0.3563049853372434 0.2280058651026393 0.06158357771260997 0.04252199413489736
0 0.5351906158357771 0.24266862170087977 0.03519061583577712 0.0747800586510264
0 0.6033724340175953 0.20821114369501467 0.039589442815249266 0.026392961876832845
0 0.6011730205278593 0.16862170087976538 0.03225806451612903 0.04398826979472141
0 0.6612903225806451 0.16862170087976538 0.07917888563049853 0.03519061583577712
0 0.6774193548387096 0.1217008797653959 0.08797653958944282 0.02346041055718475
0 0.6392961876832844 0.07991202346041056 0.05571847507331378 0.030791788856304986
0 0.7001466275659824 0.09237536656891496 0.06598240469208211 0.06451612903225806
0 0.7089442815249267 0.051319648093841645 0.04252199413489736 0.04398826979472141
0 0.7434017595307918 0.03152492668621701 0.05865102639296188 0.05718475073313783
0 0.9222873900293255 0.036656891495601175 0.03225806451612903 0.05865102639296188
0 0.8643695014662757 0.03152492668621701 0.021994134897360705 0.04252199413489736
0 0.8577712609970675 0.1598240469208211 0.05278592375366569 0.04398826979472141
0 0.813049853372434 0.20307917888563048 0.045454545454545456 0.04252199413489736
0 0.9142228739002932 0.17521994134897362 0.039589442815249266 0.030791788856304986
0 0.9552785923753666 0.15249266862170088 0.06598240469208211 0.02932551319648094
0 0.908357771260997 0.218475073313783 0.0718475073313783 0.03225806451612903
0 0.9156891495601173 0.2595307917888563 0.05718475073313783 0.04398826979472141
0 0.8284457478005866 0.2932551319648094 0.03812316715542522 0.04105571847507331
0 0.8533724340175953 0.2763929618768328 0.04398826979472141 0.03372434017595308
0 0.9325513196480938 0.3343108504398827 0.04105571847507331 0.06158357771260997
0 0.8892961876832844 0.3621700879765396 0.054252199413489736 0.03225806451612903
0 0.9538123167155426 0.3885630498533724 0.045454545454545456 0.02932551319648094
0 0.8907624633431085 0.39956011730205276 0.051319648093841645 0.02785923753665689
0 0.8137829912023461 0.3980938416422287 0.03519061583577712 0.045454545454545456
0 0.75 0.3585043988269795 0.05718475073313783 0.08651026392961877
0 0.7096774193548387 0.2280058651026393 0.07331378299120235 0.0747800586510264
0 0.6774193548387096 0.23313782991202345 0.05571847507331378 0.04398826979472141
0 0.6407624633431085 0.29472140762463345 0.0469208211143695 0.06158357771260997
0 0.7067448680351907 0.2749266862170088 0.08211143695014662 0.04252199413489736
0 0.6092375366568915 0.3027859237536657 0.04838709677419355 0.03372434017595308
0 0.6517595307917888 0.343841642228739 0.04252199413489736 0.045454545454545456
0 0.6913489736070382 0.38636363636363635 0.05718475073313783 0.0689149560117302
0 0.6195014662756598 0.4340175953079179 0.09237536656891496 0.03812316715542522
0 0.6656891495601173 0.4479472140762463 0.09090909090909091 0.02785923753665689
0 0.6796187683284457 0.4655425219941349 0.08651026392961877 0.024926686217008796
0 0.5762463343108505 0.4662756598240469 0.06451612903225806 0.02346041055718475
0 0.46847507331378296 0.5080645161290323 0.09530791788856305 0.1187683284457478
0 0.3614369501466276 0.3885630498533724 0.0718475073313783 0.04398826979472141
0 0.2756598240469208 0.4149560117302053 0.02932551319648094 0.07331378299120235
0 0.3321114369501466 0.4398826979472141 0.03372434017595308 0.03225806451612903
0 0.593841642228739 0.5300586510263929 0.05865102639296188 0.024926686217008796
0 0.658357771260997 0.5124633431085044 0.06158357771260997 0.036656891495601175
0 0.6788856304985337 0.5755131964809385 0.07624633431085044 0.045454545454545456
0 0.592375366568915 0.5975073313782991 0.07624633431085044 0.08944281524926687
0 0.6722873900293255 0.656891495601173 0.06598240469208211 0.04985337243401759
0 0.7140762463343109 0.7082111436950147 0.06158357771260997 0.08211143695014662
0 0.718475073313783 0.7456011730205279 0.0469208211143695 0.02785923753665689
0 0.841642228739003 0.6180351906158358 0.03812316715542522 0.05718475073313783
0 0.873900293255132 0.5703812316715543 0.05571847507331378 0.03519061583577712
0 0.967008797653959 0.5256598240469208 0.05718475073313783 0.024926686217008796
0 0.7763929618768328 0.43841642228739003 0.05718475073313783 0.07331378299120235
0 0.9134897360703812 0.625366568914956 0.05865102639296188 0.045454545454545456
0 0.9413489736070382 0.5681818181818182 0.04398826979472141 0.0747800586510264
0 0.9215542521994134 0.7023460410557185 0.054252199413489736 0.05571847507331378
0 0.8804985337243402 0.6363636363636364 0.036656891495601175 0.04105571847507331
0 0.9369501466275659 0.6715542521994134 0.05571847507331378 0.04985337243401759
0 0.8643695014662757 0.7309384164222874 0.024926686217008796 0.03372434017595308
0 0.7800586510263929 0.7140762463343109 0.07038123167155425 0.07038123167155425
0 0.9325513196480938 0.8350439882697948 0.07624633431085044 0.051319648093841645
0 0.9186217008797654 0.8819648093841642 0.07771260997067449 0.03372434017595308
0 0.9618768328445748 0.9171554252199413 0.07331378299120235 0.05718475073313783
0 0.8541055718475073 0.9098240469208211 0.036656891495601175 0.030791788856304986
0 0.8834310850439883 0.9523460410557185 0.04252199413489736 0.03372434017595308
0 0.7631964809384164 0.8519061583577713 0.08064516129032258 0.05278592375366569
0 0.8064516129032258 0.8343108504398827 0.04105571847507331 0.04985337243401759
0 0.7096774193548387 0.7800586510263929 0.093841642228739 0.0469208211143695
0 0.656158357771261 0.7961876832844574 0.06304985337243402 0.02932551319648094
0 0.6319648093841642 0.7712609970674487 0.06158357771260997 0.04398826979472141
0 0.6334310850439883 0.7412023460410557 0.04985337243401759 0.060117302052785926
0 0.5835777126099707 0.6495601173020528 0.03519061583577712 0.06451612903225806
0 0.44501466275659823 0.6444281524926686 0.12756598240469208 0.036656891495601175
0 0.3709677419354839 0.6048387096774194 0.06744868035190615 0.021994134897360705
0 0.29178885630498536 0.563049853372434 0.05278592375366569 0.03225806451612903
0 0.3093841642228739 0.5241935483870968 0.03812316715542522 0.036656891495601175
0 0.2961876832844575 0.6290322580645161 0.04398826979472141 0.04105571847507331
0 0.23900293255131966 0.6048387096774194 0.03225806451612903 0.04838709677419355
0 0.12756598240469208 0.5828445747800587 0.0967741935483871 0.051319648093841645
0 0.12976539589442815 0.6136363636363636 0.054252199413489736 0.06304985337243402
0 0.07844574780058651 0.6444281524926686 0.0718475073313783 0.03372434017595308
0 0.04398826979472141 0.6788856304985337 0.06451612903225806 0.04985337243401759
0 0.18988269794721407 0.6788856304985337 0.10703812316715543 0.05865102639296188
0 0.3966275659824047 0.6898826979472141 0.10117302052785923 0.03372434017595308
0 0.3870967741935484 0.7478005865102639 0.07624633431085044 0.03225806451612903
0 0.39002932551319647 0.780791788856305 0.10263929618768329 0.04838709677419355
0 0.2939882697947214 0.7719941348973607 0.054252199413489736 0.030791788856304986
0 0.2785923753665689 0.7338709677419355 0.06158357771260997 0.039589442815249266
0 0.23533724340175954 0.7434017595307918 0.06304985337243402 0.093841642228739
0 0.2060117302052786 0.7133431085043989 0.04838709677419355 0.04252199413489736
0 0.1598240469208211 0.7998533724340176 0.0469208211143695 0.02785923753665689
0 0.10557184750733138 0.7734604105571847 0.0967741935483871 0.060117302052785926
0 0.12096774193548387 0.7368035190615836 0.054252199413489736 0.030791788856304986
0 0.08577712609970674 0.7265395894428153 0.0718475073313783 0.045454545454545456
0 0.041788856304985335 0.7214076246334311 0.045454545454545456 0.06158357771260997
0 0.02932551319648094 0.7903225806451613 0.05865102639296188 0.04105571847507331
0 0.0373900293255132 0.9354838709677419 0.06304985337243402 0.06451612903225806
0 0.025659824046920823 0.9655425219941349 0.051319648093841645 0.04838709677419355
0 0.10777126099706745 0.906891495601173 0.06304985337243402 0.04252199413489736
0 0.1532258064516129 0.8607038123167156 0.06304985337243402 0.03519061583577712
0 0.1063049853372434 0.8350439882697948 0.04838709677419355 0.04838709677419355
0 0.0872434017595308 0.8460410557184751 0.06598240469208211 0.026392961876832845
0 0.23093841642228738 0.8797653958944281 0.03372434017595308 0.04105571847507331
0 0.20234604105571846 0.9560117302052786 0.06158357771260997 0.07331378299120235
0 0.3687683284457478 0.9758064516129032 0.05718475073313783 0.045454545454545456
0 0.3812316715542522 0.8695014662756598 0.093841642228739 0.04398826979472141
0 0.28519061583577715 0.8409090909090909 0.0689149560117302 0.02785923753665689
0 0.5410557184750733 0.8599706744868035 0.026392961876832845 0.039589442815249266
0 0.5469208211143695 0.7478005865102639 0.04398826979472141 0.08797653958944282
0 0.5813782991202346 0.7969208211143695 0.030791788856304986 0.054252199413489736
0 0.591642228739003 0.8577712609970675 0.024926686217008796 0.026392961876832845
0 0.6348973607038123 0.8929618768328446 0.0469208211143695 0.06158357771260997
0 0.6781524926686217 0.8826979472140762 0.0747800586510264 0.026392961876832845
0 0.7001466275659824 0.9420821114369502 0.06304985337243402 0.051319648093841645
