0 0.3629032258064516 0.7243401759530792 0.060117302052785926 0.08211143695014662
0 0.5740469208211144 0.6605571847507331 0.036656891495601175 0.13929618768328444
0 0.6803519061583577 0.6304985337243402 0.0967741935483871 0.03812316715542522
0 0.6187683284457478 0.6348973607038123 0.026392961876832845 0.04398826979472141
0 0.6187683284457478 0.7294721407624634 0.04985337243401759 0.06598240469208211
0 0.6598240469208211 0.7609970674486803 0.03812316715542522 0.10557184750733138
0 0.8848973607038123 0.656891495601173 0.06304985337243402 0.06451612903225806
0 0.9486803519061584 0.5447214076246334 0.09970674486803519 0.0718475073313783
0 0.7250733137829912 0.9090909090909091 0.09824046920821114 0.03225806451612903
0 0.717741935483871 0.8768328445747801 0.11290322580645161 0.03225806451612903
0 0.5637829912023461 0.25513196480938416 0.06304985337243402 0.1495601173020528
0 0.5461876832844574 0.20747800586510265 0.07771260997067449 0.08357771260997067
0 0.5447214076246334 0.10337243401759531 0.12756598240469208 0.04252199413489736
0 0.7976539589442815 0.28225806451612906 0.03812316715542522 0.11290322580645161
0 0.8621700879765396 0.29838709677419356 0.0469208211143695 0.14809384164222875
0 0.9574780058651027 0.1436950146627566 0.0469208211143695 0.12023460410557185
0 0.9149560117302052 0.14149560117302054 0.07331378299120235 0.0718475073313783
0 0.8878299120234604 0.06085043988269795 0.18328445747800587 0.051319648093841645
0 0.7412023460410557 0.01759530791788856 0.0718475073313783 0.03519061583577712
0 0.7639296187683284 0.4435483870967742 0.19941348973607037 0.08651026392961877
0 0.8892961876832844 0.45454545454545453 0.0747800586510264 0.11730205278592376
0 0.7851906158357771 0.5271260997067448 0.10703812316715543 0.039589442815249266
0 0.6107038123167156 0.5095307917888563 0.05718475073313783 0.08944281524926687
0 0.5461876832844574 0.45234604105571846 0.039589442815249266 0.14809384164222875
0 0.4809384164222874 0.38049853372434017 0.10850439882697947 0.10410557184750734
0 0.4178885630498534 0.4970674486803519 0.04398826979472141 0.08211143695014662
0 0.46774193548387094 0.563049853372434 0.06451612903225806 0.04398826979472141
0 0.45527859237536655 0.5967741935483871 0.039589442815249266 0.026392961876832845
0 0.33064516129032256 0.6202346041055719 0.10703812316715543 0.07917888563049853
0 0.30498533724340177 0.6510263929618768 0.07038123167155425 0.03812316715542522
0 0.20161290322580644 0.6077712609970675 0.08944281524926687 0.08064516129032258
0 0.2280058651026393 0.4626099706744868 0.1656891495601173 0.08064516129032258
0 0.1348973607038123 0.4508797653958944 0.0469208211143695 0.0718475073313783
0 0.09824046920821114 0.4868035190615836 0.11143695014662756 0.05865102639296188
0 0.09530791788856305 0.5615835777126099 0.0469208211143695 0.04105571847507331
0 0.062316715542521994 0.5432551319648093 0.045454545454545456 0.02785923753665689
0 0.06598240469208211 0.6158357771260997 0.13196480938416422 0.0469208211143695
0 0.13856304985337242 0.7155425219941349 0.11290322580645161 0.12023460410557185
0 0.09164222873900293 0.7287390029325513 0.04838709677419355 0.093841642228739
0 0.08870967741935484 0.8306451612903226 0.054252199413489736 0.13343108504398826
0 0.032991202346041054 0.8702346041055719 0.06304985337243402 0.0718475073313783
0 0.2565982404692082 0.7617302052785924 0.06158357771260997 0.13343108504398826
0 0.2859237536656892 0.35117302052785926 0.03519061583577712 0.1627565982404692
0 0.3687683284457478 0.2763929618768328 0.09824046920821114 0.13049853372434017
0 0.38269794721407624 0.35703812316715544 0.0469208211143695 0.13929618768328444
0 0.40762463343108507 0.07697947214076246 0.06451612903225806 0.08357771260997067
0 0.3592375366568915 0.038856304985337244 0.05865102639296188 0.045454545454545456
0 0.31451612903225806 0.11070381231671554 0.10997067448680352 0.09824046920821114
0 0.20454545454545456 0.1693548387096774 0.051319648093841645 0.13343108504398826
0 0.15542521994134897 0.2565982404692082 0.03519061583577712 0.11436950146627566
0 0.18988269794721407 0.03812316715542522 0.06304985337243402 0.07624633431085044
0 0.18841642228739003 0.024926686217008796 0.12756598240469208 0.04985337243401759
0 0.06378299120234604 0.053519061583577714 0.054252199413489736 0.0747800586510264
0 0.11730205278592376 0.3717008797653959 0.06451612903225806 0.08651026392961877
0 0.05205278592375367 0.35117302052785926 0.03372434017595308 0.051319648093841645
0 0.531524926686217 0.7910557184750733 0.036656891495601175 0.10997067448680352
0 0.8768328445747801 0.9164222873900293 0.03225806451612903 0.03812316715542522
0 0.9391495601173021 0.9193548387096774 0.045454545454545456 0.03812316715542522
0 0.8291788856304986 0.9472140762463344 0.039589442815249266 0.04105571847507331
0 0.7543988269794721 0.9604105571847508 0.039589442815249266 0.07624633431085044
0 0.49486803519061584 0.9765395894428153 0.10410557184750734 0.03225806451612903
0 0.4472140762463343 0.8973607038123167 0.093841642228739 0.093841642228739
0 0.5036656891495601 0.8966275659824047 0.08944281524926687 0.02785923753665689
0 0.47287390029325516 0.9420821114369502 0.054252199413489736 0.030791788856304986
0 0.3526392961876833 0.8958944281524927 0.06598240469208211 0.02932551319648094
0 0.23020527859237536 0.8973607038123167 0.09090909090909091 0.04105571847507331
0 0.2602639296187683 0.9765395894428153 0.07771260997067449 0.03812316715542522
0 0.2756598240469208 0.9464809384164223 0.07917888563049853 0.01906158357771261
0 0.8145161290322581 0.2829912023460411 0.05718475073313783 0.11436950146627566
