0 0.3526392961876833 0.08504398826979472 0.051319648093841645 0.1348973607038123
0 0.1532258064516129 0.09970674486803519 0.13343108504398826 0.05278592375366569
0 0.4934017595307918 0.2126099706744868 0.0689149560117302 0.03519061583577712
0 0.6195014662756598 0.19501466275659823 0.09237536656891496 0.07624633431085044
0 0.8695014662756598 0.9017595307917888 0.07331378299120235 0.10557184750733138
0 0.9310850439882697 0.7859237536656891 0.05865102639296188 0.05278592375366569
0 0.8247800586510264 0.6825513196480938 0.0718475073313783 0.04252199413489736
0 0.9354838709677419 0.6165689149560117 0.09090909090909091 0.09824046920821114
0 0.8577712609970675 0.6869501466275659 0.04105571847507331 0.045454545454545456
0 0.8240469208211144 0.5241935483870968 0.04985337243401759 0.060117302052785926
0 0.8526392961876833 0.5197947214076246 0.039589442815249266 0.10410557184750734
0 0.9171554252199413 0.4662756598240469 0.045454545454545456 0.04398826979472141
0 0.9171554252199413 0.5183284457478006 0.10997067448680352 0.1627565982404692
0 0.9494134897360704 0.34824046920821117 0.09824046920821114 0.04252199413489736
0 0.9142228739002932 0.31085043988269795 0.13343108504398826 0.08504398826979472
0 0.8335777126099707 0.19648093841642228 0.054252199413489736 0.06451612903225806
0 0.9156891495601173 0.12390029325513197 0.14516129032258066 0.054252199413489736
0 0.9508797653958945 0.02932551319648094 0.09237536656891496 0.05278592375366569
0 0.8049853372434017 0.12903225806451613 0.03812316715542522 0.06451612903225806
0 0.7390029325513197 0.2690615835777126 0.08797653958944282 0.054252199413489736
0 0.7214076246334311 0.2763929618768328 0.08211143695014662 0.13929618768328444
0 0.6224340175953079 0.28225806451612906 0.20674486803519063 0.09237536656891496
0 0.46480938416422285 0.26466275659824046 0.07624633431085044 0.0747800586510264
0 0.4912023460410557 0.312316715542522 0.093841642228739 0.06158357771260997
0 0.36363636363636365 0.3614369501466276 0.05278592375366569 0.14516129032258066
0 0.4222873900293255 0.35410557184750735 0.02932551319648094 0.0689149560117302
0 0.3284457478005865 0.3291788856304985 0.06744868035190615 0.045454545454545456
0 0.30058651026392963 0.4039589442815249 0.093841642228739 0.030791788856304986
0 0.22580645161290322 0.3519061583577713 0.0967741935483871 0.1436950146627566
0 0.33724340175953077 0.5087976539589443 0.04398826979472141 0.1436950146627566
0 0.3973607038123167 0.6121700879765396 0.06451612903225806 0.16862170087976538
0 0.42595307917888564 0.5527859237536656 0.10410557184750734 0.09970674486803519
0 0.5403225806451613 0.5601173020527859 0.14222873900293256 0.11436950146627566
0 0.6011730205278593 0.7228739002932552 0.16422287390029325 0.03225806451612903
0 0.5029325513196481 0.5909090909090909 0.06744868035190615 0.08211143695014662
0 0.4464809384164223 0.6649560117302052 0.039589442815249266 0.036656891495601175
0 0.656891495601173 0.46847507331378296 0.06744868035190615 0.030791788856304986
0 0.7573313782991202 0.5410557184750733 0.060117302052785926 0.07331378299120235
0 0.841642228739003 0.39589442815249265 0.02932551319648094 0.02932551319648094
0 0.7705278592375366 0.8064516129032258 0.054252199413489736 0.03225806451612903
0 0.6378299120234604 0.8291788856304986 0.04398826979472141 0.036656891495601175
0 0.6656891495601173 0.8826979472140762 0.1436950146627566 0.1348973607038123
0 0.5381231671554252 0.8695014662756598 0.19648093841642228 0.11730205278592376
0 0.3101173020527859 0.7448680351906158 0.10410557184750734 0.0967741935483871
0 0.2785923753665689 0.6385630498533724 0.07331378299120235 0.045454545454545456
0 0.2719941348973607 0.7565982404692082 0.10410557184750734 0.06451612903225806
0 0.12463343108504399 0.7008797653958945 0.17008797653958943 0.05865102639296188
0 0.08211143695014662 0.7397360703812317 0.07917888563049853 0.04838709677419355
0 0.11070381231671554 0.7910557184750733 0.0718475073313783 0.03372434017595308
0 0.019794721407624633 0.6957478005865103 0.039589442815249266 0.1158357771260997
0 0.0689149560117302 0.9266862170087976 0.10557184750733138 0.1436950146627566
0 0.02126099706744868 0.9523460410557185 0.04252199413489736 0.08357771260997067
0 0.5227272727272727 0.7521994134897361 0.05718475073313783 0.05865102639296188
