0 0.49633699633699635 0.5262820512820513 0.052503052503052504 0.04487179487179487
0 0.0873015873015873 0.5820512820512821 0.052503052503052504 0.04871794871794872
0 0.054334554334554336 0.9006410256410257 0.03540903540903541 0.06025641025641026
0 0.8498168498168498 0.17692307692307693 0.07081807081807082 0.041025641025641026
0 0.373015873015873 0.09743589743589744 0.03785103785103785 0.06923076923076923
0 0.1581196581196581 0.9692307692307692 0.03785103785103785 0.035897435897435895
0 0.48717948717948717 0.10961538461538461 0.031746031746031744 0.05512820512820513
0 0.5024420024420024 0.6307692307692307 0.03785103785103785 0.02564102564102564
0 0.6324786324786325 0.1673076923076923 0.03418803418803419 0.05512820512820513
0 0.07081807081807082 0.5416666666666666 0.029304029304029304 0.03461538461538462
0 0.5934065934065934 0.3852564102564103 0.04884004884004884 0.047435897435897434
0 0.9010989010989011 0.9532051282051281 0.05860805860805861 0.057692307692307696
0 0.5927960927960928 0.5557692307692308 0.054945054945054944 0.03974358974358974
0 0.7777777777777778 0.3647435897435897 0.03418803418803419 0.03717948717948718
0 0.9395604395604396 0.46474358974358976 0.057387057387057384 0.08846153846153847
0 0.9652014652014652 0.35705128205128206 0.054945054945054944 0.029487179487179487
0 0.04884004884004884 0.17564102564102563 0.031746031746031744 0.05384615384615385
0 0.8827838827838828 0.9153846153846154 0.04884004884004884 0.05384615384615385
0 0.4804639804639805 0.5762820512820512 0.054945054945054944 0.05
0 0.6684981684981685 0.20064102564102565 0.03540903540903541 0.03974358974358974
0 0.8101343101343101 0.6326923076923077 0.05982905982905983 0.026923076923076925
0 0.41086691086691085 0.9570512820512821 0.052503052503052504 0.03974358974358974
0 0.06776556776556776 0.041025641025641026 0.045177045177045176 0.03333333333333333
0 0.3968253968253968 0.5737179487179487 0.04884004884004884 0.05512820512820513
0 0.8797313797313797 0.28974358974358977 0.045177045177045176 0.015384615384615385
0 0.2515262515262515 0.9557692307692308 0.06349206349206349 0.029487179487179487
0 0.07814407814407814 0.44166666666666665 0.031746031746031744 0.026923076923076925
0 0.6288156288156288 0.10128205128205128 0.0463980463980464 0.04358974358974359
0 0.48534798534798534 0.4230769230769231 0.030525030525030524 0.035897435897435895
0 0.9505494505494505 0.5801282051282052 0.06715506715506715 0.03717948717948718
0 0.6514041514041514 0.4358974358974359 0.03540903540903541 0.02564102564102564
0 0.033577533577533576 0.5493589743589744 0.02564102564102564 0.04230769230769231
0 0.6434676434676435 0.4076923076923077 0.04151404151404151 0.028205128205128206
0 0.7344322344322344 0.948076923076923 0.052503052503052504 0.05
0 0.25213675213675213 0.41025641025641024 0.030525030525030524 0.03333333333333333
0 0.9041514041514042 0.4044871794871795 0.03785103785103785 0.019230769230769232
0 0.7081807081807082 0.11538461538461539 0.04395604395604395 0.05128205128205128
0 0.5457875457875457 0.16923076923076924 0.03418803418803419 0.035897435897435895
0 0.5073260073260073 0.2512820512820513 0.047619047619047616 0.020512820512820513
0 0.0811965811965812 0.9762820512820513 0.05982905982905983 0.03205128205128205
0 0.8931623931623932 0.5993589743589743 0.057387057387057384 0.04487179487179487
0 0.9615384615384616 0.9865384615384616 0.040293040293040296 0.02435897435897436
0 0.14713064713064714 0.6128205128205129 0.03540903540903541 0.02564102564102564
0 0.6056166056166056 0.9493589743589743 0.0463980463980464 0.047435897435897434
0 0.8101343101343101 0.3955128205128205 0.06227106227106227 0.04487179487179487
0 0.7484737484737485 0.4551282051282051 0.02442002442002442 0.02564102564102564
0 0.358974358974359 0.6929487179487179 0.05128205128205128 0.02435897435897436
0 0.699023199023199 0.35384615384615387 0.03296703296703297 0.03333333333333333
0 0.3431013431013431 0.9173076923076923 0.06837606837606838 0.06794871794871794
0 0.8956043956043956 0.44166666666666665 0.07692307692307693 0.02435897435897436
0 0.10195360195360195 0.47628205128205126 0.0231990231990232 0.03974358974358974
0 0.9493284493284493 0.40512820512820513 0.045177045177045176 0.05384615384615385
0 0.01221001221001221 0.1621794871794872 0.02442002442002442 0.06282051282051282
0 0.7466422466422467 0.15 0.052503052503052504 0.046153846153846156
0 0.9835164835164835 0.3685897435897436 0.030525030525030524 0.03461538461538462
0 0.08058608058608059 0.09871794871794871 0.029304029304029304 0.04358974358974359
0 0.09829059829059829 0.125 0.0231990231990232 0.052564102564102565
0 0.13064713064713065 0.041025641025641026 0.04395604395604395 0.028205128205128206
0 0.2045177045177045 0.047435897435897434 0.03296703296703297 0.038461538461538464
0 0.23931623931623933 0.04423076923076923 0.029304029304029304 0.026923076923076925
0 0.27289377289377287 0.09038461538461538 0.0231990231990232 0.047435897435897434
0 0.23443223443223443 0.1391025641025641 0.05128205128205128 0.05512820512820513
0 0.07448107448107448 0.25256410256410255 0.05616605616605617 0.02564102564102564
0 0.11233211233211234 0.26282051282051283 0.04884004884004884 0.023076923076923078
0 0.11538461538461539 0.26282051282051283 0.018315018315018316 0.04358974358974359
0 0.1111111111111111 0.29615384615384616 0.07081807081807082 0.035897435897435895
0 0.2442002442002442 0.17884615384615385 0.02442002442002442 0.047435897435897434
0 0.22893772893772893 0.1794871794871795 0.047619047619047616 0.041025641025641026
0 0.3443223443223443 0.1782051282051282 0.03907203907203907 0.023076923076923078
0 0.5134310134310134 0.029487179487179487 0.0231990231990232 0.03076923076923077
0 0.4413919413919414 0.08012820512820513 0.040293040293040296 0.016666666666666666
0 0.6349206349206349 0.24166666666666667 0.05860805860805861 0.021794871794871794
0 0.8882783882783882 0.21923076923076923 0.057387057387057384 0.028205128205128206
0 0.8504273504273504 0.24102564102564103 0.0231990231990232 0.035897435897435895
0 0.7057387057387058 0.25256410256410255 0.05128205128205128 0.02564102564102564
0 0.6538461538461539 0.27692307692307694 0.0231990231990232 0.017948717948717947
0 0.2454212454212454 0.3974358974358974 0.05372405372405373 0.04871794871794872
0 0.31074481074481075 0.38269230769230766 0.042735042735042736 0.03974358974358974
0 0.3528693528693529 0.42435897435897435 0.05616605616605617 0.03333333333333333
0 0.13064713064713065 0.4891025641025641 0.021978021978021976 0.029487179487179487
0 0.14224664224664224 0.5301282051282051 0.030525030525030524 0.052564102564102565
0 0.17887667887667888 0.42628205128205127 0.020757020757020756 0.047435897435897434
0 0.1562881562881563 0.4141025641025641 0.031746031746031744 0.028205128205128206
0 0.3956043956043956 0.441025641025641 0.04884004884004884 0.035897435897435895
0 0.28266178266178266 0.5160256410256411 0.040293040293040296 0.04487179487179487
0 0.23626373626373626 0.6038461538461538 0.050061050061050064 0.02564102564102564
0 0.1978021978021978 0.5903846153846154 0.021978021978021976 0.03974358974358974
0 0.13247863247863248 0.5878205128205128 0.040293040293040296 0.026923076923076925
0 0.2094017094017094 0.6365384615384615 0.052503052503052504 0.03205128205128205
0 0.152014652014652 0.6705128205128205 0.03785103785103785 0.03076923076923077
0 0.08669108669108669 0.7544871794871795 0.05372405372405373 0.019230769230769232
0 0.018315018315018316 0.657051282051282 0.03663003663003663 0.02435897435897436
0 0.018925518925518924 0.6775641025641026 0.03296703296703297 0.021794871794871794
0 0.4139194139194139 0.6448717948717949 0.03907203907203907 0.02564102564102564
0 0.42002442002442003 0.657051282051282 0.05372405372405373 0.03461538461538462
0 0.4462759462759463 0.7019230769230769 0.07448107448107448 0.029487179487179487
0 0.4981684981684982 0.6814102564102564 0.04395604395604395 0.014102564102564103
0 0.6294261294261294 0.6365384615384615 0.06715506715506715 0.029487179487179487
0 0.6172161172161172 0.6961538461538461 0.06715506715506715 0.038461538461538464
0 0.5677655677655677 0.7141025641025641 0.05616605616605617 0.015384615384615385
0 0.5280830280830281 0.7794871794871795 0.030525030525030524 0.023076923076923078
0 0.5 0.764102564102564 0.040293040293040296 0.023076923076923078
0 0.362026862026862 0.7153846153846154 0.040293040293040296 0.028205128205128206
0 0.721001221001221 0.6519230769230769 0.042735042735042736 0.02435897435897436
0 0.7374847374847375 0.6641025641025641 0.04151404151404151 0.028205128205128206
0 0.7710622710622711 0.6743589743589744 0.040293040293040296 0.015384615384615385
0 0.7661782661782662 0.6519230769230769 0.02564102564102564 0.04487179487179487
0 0.7283272283272283 0.5923076923076923 0.030525030525030524 0.035897435897435895
0 0.7771672771672772 0.5903846153846154 0.05982905982905983 0.03717948717948718
0 0.8192918192918193 0.5743589743589743 0.04151404151404151 0.038461538461538464
0 0.7912087912087912 0.5352564102564102 0.04395604395604395 0.04487179487179487
0 0.8235653235653235 0.533974358974359 0.040293040293040296 0.019230769230769232
0 0.7521367521367521 0.5365384615384615 0.05616605616605617 0.026923076923076925
0 0.6532356532356532 0.5294871794871795 0.026862026862026864 0.06923076923076923
0 0.6111111111111112 0.49230769230769234 0.042735042735042736 0.05641025641025641
0 0.7258852258852259 0.3993589743589744 0.052503052503052504 0.021794871794871794
0 0.7057387057387058 0.41346153846153844 0.03663003663003663 0.04230769230769231
0 0.7478632478632479 0.4173076923076923 0.047619047619047616 0.02435897435897436
0 0.8687423687423688 0.4724358974358974 0.045177045177045176 0.03461538461538462
0 0.9627594627594628 0.7237179487179487 0.052503052503052504 0.026923076923076925
